H@& N*`)xL\npKhW
WhKp\nLx`*N&H@ )

[72, 64, 38, 32, 78, 42, 96, 41, 120, 76, 92, 110, 112, 75, 104, 87]
[87, 104, 75, 112, 92, 110, 76, 120, 96, 42, 78, 38, 72, 64, 32, 41]
len: 15



L4\thK6W\tPD!B=IMZV,-\nf!
!\nf-VZI=BM,!PD\t6K\t4LhW

[76, 52, 92, 116, 104, 75, 54, 87, 92, 116, 80, 68, 33, 66, 61, 73, 77, 90, 86, 44, 45, 92, 110, 102, 33]
[33, 92, 110, 102, 45, 86, 90, 73, 61, 66, 77, 44, 33, 80, 68, 92, 116, 54, 75, 92, 116, 52, 76, 104, 87]
len: 22



:O,tnJ9X )w\nF\\-~a@^\x0cSw
w\x0cS^a~\\F\n-@w )XJn,O:t9

[58, 79, 44, 116, 110, 74, 57, 88, 32, 41, 119, 92, 110, 70, 92, 92, 45, 126, 97, 64, 94, 92, 120, 48, 99, 83, 119]
[119, 92, 120, 48, 99, 83, 94, 97, 126, 92, 92, 70, 92, 110, 45, 64, 119, 32, 41, 88, 74, 110, 44, 79, 58, 116, 57]
len: 23



#p^+fp5D8E'uyh5j<J5)=8(&
&8(=5)Jj<5yhuE'85Dp+f^#p

[35, 112, 94, 43, 102, 112, 53, 68, 56, 69, 39, 117, 121, 104, 53, 106, 60, 74, 53, 41, 61, 56, 40, 38]
[38, 56, 40, 61, 53, 41, 74, 106, 60, 53, 121, 104, 117, 69, 39, 56, 53, 68, 112, 43, 102, 94, 35, 112]
len: 24



\nfu\nKYm''%^UMv3x_r$.
.r_x$3MU^v%'mY'Kuf\n\n

[92, 110, 102, 117, 92, 110, 75, 89, 109, 39, 39, 37, 94, 85, 77, 118, 51, 120, 95, 114, 36, 46]
[46, 114, 95, 120, 36, 51, 77, 85, 94, 118, 37, 39, 109, 89, 39, 75, 117, 102, 92, 110, 92, 110]
len: 20



J$-ub9_]+-
-]_9+b-$Ju

[74, 36, 45, 117, 98, 57, 95, 93, 43, 45]
[45, 93, 95, 57, 43, 98, 45, 36, 74, 117]
len: 10



_uy9`w67%F_p{O\x0c!K|\x0bp#TGW*\\*
*\\*G#TWp\x0b|!O\x0c{p_%67w9`y_uFK

[95, 117, 121, 57, 96, 119, 54, 55, 37, 70, 95, 112, 123, 79, 92, 120, 48, 99, 33, 75, 124, 92, 120, 48, 98, 112, 35, 84, 71, 87, 42, 92, 92, 42]
[42, 92, 92, 42, 71, 35, 84, 87, 112, 92, 120, 48, 98, 124, 33, 79, 92, 120, 48, 99, 123, 112, 95, 37, 54, 55, 119, 57, 96, 121, 95, 117, 70, 75]
len: 30



/Z;ST^$tWK@+4>
>4+KtW@$^T;/ZS

[47, 90, 59, 83, 84, 94, 36, 116, 87, 75, 64, 43, 52, 62]
[62, 52, 43, 75, 116, 87, 64, 36, 94, 84, 59, 47, 90, 83]
len: 14



)N=(q5\x0b"t%Q;3
3;Qt\x0b"5(q=)N%

[41, 78, 61, 40, 113, 53, 92, 120, 48, 98, 34, 116, 37, 81, 59, 51]
[51, 59, 81, 116, 92, 120, 48, 98, 34, 53, 40, 113, 61, 41, 78, 37]
len: 15



b$+zZT[TOw7~KSy|h\t
\t|ySK~7whO[TZz+$bT

[98, 36, 43, 122, 90, 84, 91, 84, 79, 119, 55, 126, 75, 83, 121, 124, 104, 92, 116]
[92, 116, 124, 121, 83, 75, 126, 55, 119, 104, 79, 91, 84, 90, 122, 43, 36, 98, 84]
len: 18



w/#\nz\\sK:B\x0cx1@:C\nPZ3J!K\x0cNEDlK
KlDEN\x0cKJ3Z\n:CP@1xBK:\x0cs\\z#w/\n!

[119, 47, 35, 92, 110, 122, 92, 92, 115, 75, 58, 66, 92, 120, 48, 99, 120, 49, 64, 58, 67, 92, 110, 80, 90, 51, 74, 33, 75, 92, 120, 48, 99, 78, 69, 68, 108, 75]
[75, 108, 68, 69, 78, 92, 120, 48, 99, 75, 74, 51, 90, 92, 110, 58, 67, 80, 64, 49, 120, 66, 75, 58, 92, 120, 48, 99, 115, 92, 92, 122, 35, 119, 47, 92, 110, 33]
len: 32



)J;.#n;+c"A }|&vRZxuhZ@S\']YM
MY]SZ@\'huxR&vZ|} "+cA;n#;)J.

[41, 74, 59, 46, 35, 110, 59, 43, 99, 34, 65, 32, 125, 124, 38, 118, 82, 90, 120, 117, 104, 90, 64, 83, 92, 39, 93, 89, 77]
[77, 89, 93, 83, 90, 64, 92, 39, 104, 117, 120, 82, 38, 118, 90, 124, 125, 32, 34, 43, 99, 65, 59, 110, 35, 59, 41, 74, 46]
len: 28



\x0b2f?9e3RTy,phE`\x0bI%`Os
s`O%\x0b`hp,EyR3eT9f2\x0b?I

[92, 120, 48, 98, 50, 102, 63, 57, 101, 51, 82, 84, 121, 44, 112, 104, 69, 96, 92, 120, 48, 98, 73, 37, 96, 79, 115]
[115, 96, 79, 37, 92, 120, 48, 98, 96, 104, 112, 44, 69, 121, 82, 51, 101, 84, 57, 102, 50, 92, 120, 48, 98, 63, 73]
len: 25



<ff:S81jaznKW\\fj:3DZqQkO
OQkqDZ3j:fW\\Kzna1j8:Sf<f

[60, 102, 102, 58, 83, 56, 49, 106, 97, 122, 110, 75, 87, 92, 92, 102, 106, 58, 51, 68, 90, 113, 81, 107, 79]
[79, 81, 107, 113, 68, 90, 51, 106, 58, 102, 87, 92, 92, 75, 122, 110, 97, 49, 106, 56, 58, 83, 102, 60, 102]
len: 23



%\n*``XC{zSymRk<\x0c
\x0c<kRmySz{CX``*\n%

[37, 92, 110, 42, 96, 96, 88, 67, 123, 122, 83, 121, 109, 82, 107, 60, 92, 120, 48, 99]
[92, 120, 48, 99, 60, 107, 82, 109, 121, 83, 122, 123, 67, 88, 96, 96, 42, 92, 110, 37]
len: 18



2hLjnUu\n3ky{zo\x0cd
d\x0coz{yk3\nuUnjLh2

[50, 104, 76, 106, 110, 85, 117, 92, 110, 51, 107, 121, 123, 122, 111, 92, 120, 48, 99, 100]
[100, 92, 120, 48, 99, 111, 122, 123, 121, 107, 51, 92, 110, 117, 85, 110, 106, 76, 104, 50]
len: 18



U!>./";n7gGz.\n4"E"qwi}p[j
j[piqw""E4.\nzgG7;n"./>U!}

[85, 33, 62, 46, 47, 34, 59, 110, 55, 103, 71, 122, 46, 92, 110, 52, 34, 69, 34, 113, 119, 105, 125, 112, 91, 106]
[106, 91, 112, 105, 113, 119, 34, 34, 69, 52, 46, 92, 110, 122, 103, 71, 55, 59, 110, 34, 46, 47, 62, 85, 33, 125]
len: 25



v}~/X?)UW":uI=[c\\\n.)<3X7/L0RoNd
dNoR0L/7X3<).\n\\[=Iu:"W)?X~v}/Uc

[118, 125, 126, 47, 88, 63, 41, 85, 87, 34, 58, 117, 73, 61, 91, 99, 92, 92, 92, 110, 46, 41, 60, 51, 88, 55, 47, 76, 48, 82, 111, 78, 100]
[100, 78, 111, 82, 48, 76, 47, 55, 88, 51, 60, 41, 46, 92, 110, 92, 92, 91, 61, 73, 117, 58, 34, 87, 41, 63, 88, 126, 118, 125, 47, 85, 99]
len: 30



J\x0b2rV6LSU`og
g`oULS6rV2J\x0b

[74, 92, 120, 48, 98, 50, 114, 86, 54, 76, 83, 85, 96, 111, 103]
[103, 96, 111, 85, 76, 83, 54, 114, 86, 50, 74, 92, 120, 48, 98]
len: 14



\x0c}9;k]jr`@FuBQL/z4
4/LQBuF@z`j]k;9}\x0cr

[92, 120, 48, 99, 125, 57, 59, 107, 93, 106, 114, 96, 64, 70, 117, 66, 81, 76, 47, 122, 52]
[52, 47, 76, 81, 66, 117, 70, 64, 122, 96, 106, 93, 107, 59, 57, 125, 92, 120, 48, 99, 114]
len: 20



P\x0c~BIo_\\>x-[j .L4k\x0cG!
!\x0cGkL.j[- x\\_o>I~\x0cPB4

[80, 92, 120, 48, 99, 126, 66, 73, 111, 95, 92, 92, 62, 120, 45, 91, 106, 32, 46, 76, 52, 107, 92, 120, 48, 99, 71, 33]
[33, 92, 120, 48, 99, 71, 107, 76, 46, 106, 91, 45, 32, 120, 92, 92, 95, 111, 62, 73, 126, 92, 120, 48, 99, 80, 66, 52]
len: 24



KBm'g>:`>_d\t<Jg/0
0gJ<\td_>`:>g'mBK/

[75, 66, 109, 39, 103, 62, 58, 96, 62, 95, 100, 92, 116, 60, 74, 103, 47, 48]
[48, 103, 74, 60, 92, 116, 100, 95, 62, 96, 58, 62, 103, 39, 109, 66, 75, 47]
len: 17



0{$$\\5.ack DVYJY(&$*C5ui
i5uC$*&Y(JVYDk c.a5$\\$0{

[48, 123, 36, 36, 92, 92, 53, 46, 97, 99, 107, 32, 68, 86, 89, 74, 89, 40, 38, 36, 42, 67, 53, 117, 105]
[105, 53, 117, 67, 36, 42, 38, 89, 40, 74, 86, 89, 68, 107, 32, 99, 46, 97, 53, 36, 92, 92, 36, 48, 123]
len: 23



y#M|M`+s@UZkCO`Kus{.FVCu[+'*|+
+|*'+[uVF.sKu{C`OCkZU@+`MMy#|s

[121, 35, 77, 124, 77, 96, 43, 115, 64, 85, 90, 107, 67, 79, 96, 75, 117, 115, 123, 46, 70, 86, 67, 117, 91, 43, 39, 42, 124, 43]
[43, 124, 42, 39, 43, 91, 117, 86, 70, 46, 115, 75, 117, 123, 67, 96, 79, 67, 107, 90, 85, 64, 43, 96, 77, 77, 121, 35, 124, 115]
len: 30



pO\\\n=\\vwc#~uLfO+E3/nxJ\x0bR3
3R\x0bx/n3+EOLfu#~cvw\\\n=\\pOJ

[112, 79, 92, 92, 92, 110, 61, 92, 92, 118, 119, 99, 35, 126, 117, 76, 102, 79, 43, 69, 51, 47, 110, 120, 74, 92, 120, 48, 98, 82, 51]
[51, 82, 92, 120, 48, 98, 120, 47, 110, 51, 43, 69, 79, 76, 102, 117, 35, 126, 99, 118, 119, 92, 92, 92, 110, 61, 92, 92, 112, 79, 74]
len: 25



M]\'-\\Tr\tmr{ViM\\+D"]\t
\t"D+]\\iV{Mr\trTm\\\']M-

[77, 93, 92, 39, 45, 92, 92, 84, 114, 92, 116, 109, 114, 123, 86, 105, 77, 92, 92, 43, 68, 34, 93, 92, 116]
[92, 116, 34, 68, 43, 93, 92, 92, 105, 86, 123, 77, 114, 92, 116, 114, 84, 109, 92, 92, 92, 39, 93, 77, 45]
len: 18



+q\x0brqx:BY3hjJ]!hI?G`ty]zU<IEX 
 XEI<Uzyt`?hIG]!]Jjh3Y:xq\x0b+qrB

[43, 113, 92, 120, 48, 98, 114, 113, 120, 58, 66, 89, 51, 104, 106, 74, 93, 33, 104, 73, 63, 71, 96, 116, 121, 93, 122, 85, 60, 73, 69, 88, 32]
[32, 88, 69, 73, 60, 85, 122, 121, 116, 96, 63, 104, 73, 71, 93, 33, 93, 74, 106, 104, 51, 89, 58, 120, 113, 92, 120, 48, 98, 43, 113, 114, 66]
len: 32



?^:;\ng*FmtJ8({c:
:c{(8JtmF*g\n;:^?

[63, 94, 58, 59, 92, 110, 103, 42, 70, 109, 116, 74, 56, 40, 123, 99, 58]
[58, 99, 123, 40, 56, 74, 116, 109, 70, 42, 103, 92, 110, 59, 58, 94, 63]
len: 16



PSp.fiN>&#6[&/;1(]\x0c?
?](1\x0c;&[6/#>Ni&fpSP.

[80, 83, 112, 46, 102, 105, 78, 62, 38, 35, 54, 91, 38, 47, 59, 49, 40, 93, 92, 120, 48, 99, 63]
[63, 93, 40, 49, 92, 120, 48, 99, 59, 38, 91, 54, 47, 35, 62, 78, 105, 38, 102, 112, 83, 80, 46]
len: 22



ndtOiLAy{\n1kD`]fpEx`
`Epfx]Dk1`\nyAL{itdnO

[110, 100, 116, 79, 105, 76, 65, 121, 123, 92, 110, 49, 107, 68, 96, 93, 102, 112, 69, 120, 96]
[96, 69, 112, 102, 120, 93, 68, 107, 49, 96, 92, 110, 121, 65, 76, 123, 105, 116, 100, 110, 79]
len: 20



QrBs\x0c{m0L\x0c*9iUnO{~(w1(1yK.
.Ky(w1({~OUn1i9*Lm0{s\x0cBQr\x0c

[81, 114, 66, 115, 92, 120, 48, 99, 123, 109, 48, 76, 92, 120, 48, 99, 42, 57, 105, 85, 110, 79, 123, 126, 40, 119, 49, 40, 49, 121, 75, 46]
[46, 75, 121, 40, 119, 49, 40, 123, 126, 79, 85, 110, 49, 105, 57, 42, 76, 109, 48, 123, 115, 92, 120, 48, 99, 66, 81, 114, 92, 120, 48, 99]
len: 30



1vZ_\tesH=00_IQjpkc(4=7\\QV
VQ\\=(4cpkjIQ_00=sHe_\tZ1v7

[49, 118, 90, 95, 92, 116, 101, 115, 72, 61, 48, 48, 95, 73, 81, 106, 112, 107, 99, 40, 52, 61, 55, 92, 92, 81, 86]
[86, 81, 92, 92, 61, 40, 52, 99, 112, 107, 106, 73, 81, 95, 48, 48, 61, 115, 72, 101, 95, 92, 116, 90, 49, 118, 55]
len: 24



(}j`C5l<vE
E<l5vCj}(`

[40, 125, 106, 96, 67, 53, 108, 60, 118, 69]
[69, 60, 108, 53, 118, 67, 106, 125, 40, 96]
len: 10



izM;Xe\nTy:YGlY
YlG:TyY\neXMiz;

[105, 122, 77, 59, 88, 101, 92, 110, 84, 121, 58, 89, 71, 108, 89]
[89, 108, 71, 58, 84, 121, 89, 92, 110, 101, 88, 77, 105, 122, 59]
len: 14



n#`38E+CR]qP}uhrQ
Qhu}Pq]RC+E83`#nr

[110, 35, 96, 51, 56, 69, 43, 67, 82, 93, 113, 80, 125, 117, 104, 114, 81]
[81, 104, 117, 125, 80, 113, 93, 82, 67, 43, 69, 56, 51, 96, 35, 110, 114]
len: 17



]iy2H$<DSU"\t0
0\t"S<D$2Hy]iU

[93, 105, 121, 50, 72, 36, 60, 68, 83, 85, 34, 92, 116, 48]
[48, 92, 116, 34, 83, 60, 68, 36, 50, 72, 121, 93, 105, 85]
len: 13



(,\x0bR/vg#\n3URFX$?j(A=?W>\t{F7]
]7F\tW>{?=Aj$?(XFR3#\nUgv/\x0b(,R

[40, 44, 92, 120, 48, 98, 82, 47, 118, 103, 35, 92, 110, 51, 85, 82, 70, 88, 36, 63, 106, 40, 65, 61, 63, 87, 62, 92, 116, 123, 70, 55, 93]
[93, 55, 70, 92, 116, 87, 62, 123, 63, 61, 65, 106, 36, 63, 40, 88, 70, 82, 51, 35, 92, 110, 85, 103, 118, 47, 92, 120, 48, 98, 40, 44, 82]
len: 30



YK^/Jv\t&GoHY+#aA2lkY1\t@!
!\t@1kYlA2a+#YoHG\t&v/J^YK

[89, 75, 94, 47, 74, 118, 92, 116, 38, 71, 111, 72, 89, 43, 35, 97, 65, 50, 108, 107, 89, 49, 92, 116, 64, 33]
[33, 92, 116, 64, 49, 107, 89, 108, 65, 50, 97, 43, 35, 89, 111, 72, 71, 92, 116, 38, 118, 47, 74, 94, 89, 75]
len: 24



e-lg[f.Z106?^882XC
C288^?60X1.f[gl-eZ

[101, 45, 108, 103, 91, 102, 46, 90, 49, 48, 54, 63, 94, 56, 56, 50, 88, 67]
[67, 50, 56, 56, 94, 63, 54, 48, 88, 49, 46, 102, 91, 103, 108, 45, 101, 90]
len: 18



"T z:sEm8NO?N.iK~LH%JP
P%JH~K.N?iLO8Nms: T"zE

[34, 84, 32, 122, 58, 115, 69, 109, 56, 78, 79, 63, 78, 46, 105, 75, 126, 76, 72, 37, 74, 80]
[80, 37, 74, 72, 126, 75, 46, 78, 63, 105, 76, 79, 56, 78, 109, 115, 58, 32, 84, 34, 122, 69]
len: 22



}5a\x0c:HJ\x0cd;>.N_\n}
}\n_N.>;d\x0cJH:\x0ca5}

[125, 53, 97, 92, 120, 48, 99, 58, 72, 74, 92, 120, 48, 99, 100, 59, 62, 46, 78, 95, 92, 110, 125]
[125, 92, 110, 95, 78, 46, 62, 59, 100, 92, 120, 48, 99, 74, 72, 58, 92, 120, 48, 99, 97, 53, 125]
len: 20



yIt@!4U$>~~\x0cz\x0b!0#^nCF
FnC^0!z\x0c~\x0b~$U4>!tIy@#

[121, 73, 116, 64, 33, 52, 85, 36, 62, 126, 126, 92, 120, 48, 99, 122, 92, 120, 48, 98, 33, 48, 35, 94, 110, 67, 70]
[70, 110, 67, 94, 48, 33, 122, 92, 120, 48, 99, 126, 92, 120, 48, 98, 126, 36, 85, 52, 62, 33, 116, 73, 121, 64, 35]
len: 25



[:(T4U\nZG\n?K\n[>Tc^/8~/FL0mJB
BJmL/F0~8/c>T^[\nK\nZG?\nU4([:T

[91, 58, 40, 84, 52, 85, 92, 110, 90, 71, 92, 110, 63, 75, 92, 110, 91, 62, 84, 99, 94, 47, 56, 126, 47, 70, 76, 48, 109, 74, 66]
[66, 74, 109, 76, 47, 70, 48, 126, 56, 47, 99, 62, 84, 94, 91, 92, 110, 75, 92, 110, 90, 71, 63, 92, 110, 85, 52, 40, 91, 58, 84]
len: 28



]diOdZdfj~]>#P0[nc*n)\\\tbt*
*tb\\n)*nc[P0\t#>]jdfZOdi]d~

[93, 100, 105, 79, 100, 90, 100, 102, 106, 126, 93, 62, 35, 80, 48, 91, 110, 99, 42, 110, 41, 92, 92, 92, 116, 98, 116, 42]
[42, 116, 98, 92, 92, 110, 41, 42, 110, 99, 91, 80, 48, 92, 116, 35, 62, 93, 106, 100, 102, 90, 79, 100, 105, 93, 100, 126]
len: 25



\t=AjYXe=qsU1%J.:1N"F\n
\n"FN:.%1UJs=eXqYA=\tj1

[92, 116, 61, 65, 106, 89, 88, 101, 61, 113, 115, 85, 49, 37, 74, 46, 58, 49, 78, 34, 70, 92, 110]
[92, 110, 34, 70, 78, 58, 46, 37, 49, 85, 74, 115, 61, 101, 88, 113, 89, 65, 61, 92, 116, 106, 49]
len: 21



2~ H/!fa4>9_I\\'n^\\36!S$?ZKS\tK&2
2&K\tSKZ?$S!63\\^'\\I_9>4f!/ 2~Han

[50, 126, 32, 72, 47, 33, 102, 97, 52, 62, 57, 95, 73, 92, 92, 39, 110, 94, 92, 92, 51, 54, 33, 83, 36, 63, 90, 75, 83, 92, 116, 75, 38, 50]
[50, 38, 75, 92, 116, 83, 75, 90, 63, 36, 83, 33, 54, 51, 92, 92, 94, 39, 92, 92, 73, 95, 57, 62, 52, 102, 33, 47, 32, 50, 126, 72, 97, 110]
len: 29



o\tcH0fcF8_mTW;<mD._Q,|
|Q,_Dm;WT<.m8_Ff0c\toHc

[111, 92, 116, 99, 72, 48, 102, 99, 70, 56, 95, 109, 84, 87, 59, 60, 109, 68, 46, 95, 81, 44, 124]
[124, 81, 44, 95, 68, 109, 59, 87, 84, 60, 46, 109, 56, 95, 70, 102, 48, 99, 92, 116, 111, 72, 99]
len: 22



@t;qW:^@U_Uk[}4@sz5j+$*\npxe9
9ex\n$*p+j5s4@z}[k_@UU^:W;@tq

[64, 116, 59, 113, 87, 58, 94, 64, 85, 95, 85, 107, 91, 125, 52, 64, 115, 122, 53, 106, 43, 36, 42, 92, 110, 112, 120, 101, 57]
[57, 101, 120, 92, 110, 36, 42, 112, 43, 106, 53, 115, 52, 64, 122, 125, 91, 107, 95, 64, 85, 85, 94, 58, 87, 59, 64, 116, 113]
len: 28



hIS"\\N\\F\'CE0{yE#](h0JC&v
vC&Jh0(#]E{y0CE\'\\FN"\\ShI

[104, 73, 83, 34, 92, 92, 78, 92, 92, 70, 92, 39, 67, 69, 48, 123, 121, 69, 35, 93, 40, 104, 48, 74, 67, 38, 118]
[118, 67, 38, 74, 104, 48, 40, 35, 93, 69, 123, 121, 48, 67, 69, 92, 39, 92, 92, 70, 78, 34, 92, 92, 83, 104, 73]
len: 22



|w,r|#\nb>=;|sK0\tcM^_OUf./-
-/.U_O^cM\tK0fs|;>\nb#r|,|w=

[124, 119, 44, 114, 124, 35, 92, 110, 98, 62, 61, 59, 124, 115, 75, 48, 92, 116, 99, 77, 94, 95, 79, 85, 102, 46, 47, 45]
[45, 47, 46, 85, 95, 79, 94, 99, 77, 92, 116, 75, 48, 102, 115, 124, 59, 62, 92, 110, 98, 35, 114, 124, 44, 124, 119, 61]
len: 26



\n]idjTX8\t@M94
49M\tX8Tdji\n]@

[92, 110, 93, 105, 100, 106, 84, 88, 56, 92, 116, 64, 77, 57, 52]
[52, 57, 77, 92, 116, 88, 56, 84, 100, 106, 105, 92, 110, 93, 64]
len: 13



;1r5ct S*X9*J!IQ1
1I!J*9X*S tc5r1;Q

[59, 49, 114, 53, 99, 116, 32, 83, 42, 88, 57, 42, 74, 33, 73, 81, 49]
[49, 73, 33, 74, 42, 57, 88, 42, 83, 32, 116, 99, 53, 114, 49, 59, 81]
len: 17



o%^>O`7HAiOl\\cOD9E6bTSyl\\4
4\\lSbT69EDcOy\\lOA7H`>O^o%i

[111, 37, 94, 62, 79, 96, 55, 72, 65, 105, 79, 108, 92, 92, 99, 79, 68, 57, 69, 54, 98, 84, 83, 121, 108, 92, 92, 52]
[52, 92, 92, 108, 83, 98, 84, 54, 57, 69, 68, 99, 79, 121, 92, 92, 108, 79, 65, 55, 72, 96, 62, 79, 94, 111, 37, 105]
len: 24



OgMr:%'l2M
Ml'%2:MgOr

[79, 103, 77, 114, 58, 37, 39, 108, 50, 77]
[77, 108, 39, 37, 50, 58, 77, 103, 79, 114]
len: 10



FjF/s\'E-BMD#R"OA*XxXik#
#ikXXx*OA"#DBM-\'sFjF/ER

[70, 106, 70, 47, 115, 92, 39, 69, 45, 66, 77, 68, 35, 82, 34, 79, 65, 42, 88, 120, 88, 105, 107, 35]
[35, 105, 107, 88, 88, 120, 42, 79, 65, 34, 35, 68, 66, 77, 45, 92, 39, 115, 70, 106, 70, 47, 69, 82]
len: 23



80M|]R2X`Hn'$\x0c6sJ%$6u]#CIap
paI#u]C6$%s\x0c6$'n`2XR|]M80HJ

[56, 48, 77, 124, 93, 82, 50, 88, 96, 72, 110, 39, 36, 92, 120, 48, 99, 54, 115, 74, 37, 36, 54, 117, 93, 35, 67, 73, 97, 112]
[112, 97, 73, 35, 117, 93, 67, 54, 36, 37, 115, 92, 120, 48, 99, 54, 36, 39, 110, 96, 50, 88, 82, 124, 93, 77, 56, 48, 72, 74]
len: 29



AbecGH{0-JaQCwNZ5%Fn`b0J"U
U"Jbn`F5%ZwN0CQa-{0HcGeAbJ

[65, 98, 101, 99, 71, 72, 123, 48, 45, 74, 97, 81, 67, 119, 78, 90, 53, 37, 70, 110, 96, 98, 48, 74, 34, 85]
[85, 34, 74, 98, 110, 96, 70, 53, 37, 90, 119, 78, 48, 67, 81, 97, 45, 123, 48, 72, 99, 71, 101, 65, 98, 74]
len: 26



0e?:P\nZfrE/!7K\x0cW\tD]|IRQk.[Wd\n0
0\ndW[.kRI|DW\t]Q\x0cK7!/ErZ\nP?0e:f

[48, 101, 63, 58, 80, 92, 110, 90, 102, 114, 69, 47, 33, 55, 75, 92, 120, 48, 99, 87, 92, 116, 68, 93, 124, 73, 82, 81, 107, 46, 91, 87, 100, 92, 110, 48]
[48, 92, 110, 100, 87, 91, 46, 107, 82, 73, 124, 68, 87, 92, 116, 93, 81, 92, 120, 48, 99, 75, 55, 33, 47, 69, 114, 90, 92, 110, 80, 63, 48, 101, 58, 102]
len: 32



9B..RE:7x[bvi
ivbx:7E.R.9B[

[57, 66, 46, 46, 82, 69, 58, 55, 120, 91, 98, 118, 105]
[105, 118, 98, 120, 58, 55, 69, 46, 82, 46, 57, 66, 91]
len: 13



$X18t3+N,L00+?0D\x0czZ b[@ 9N>
>N9@b[  ZzD?0+00,+N38t1$XL\x0c

[36, 88, 49, 56, 116, 51, 43, 78, 44, 76, 48, 48, 43, 63, 48, 68, 92, 120, 48, 99, 122, 90, 32, 98, 91, 64, 32, 57, 78, 62]
[62, 78, 57, 64, 98, 91, 32, 32, 90, 122, 68, 63, 48, 43, 48, 48, 44, 43, 78, 51, 56, 116, 49, 36, 88, 76, 92, 120, 48, 99]
len: 29



:d}h)-wrtYP1O\n$@f<airtQa:a_UHXL
LXHU_a:aQtria<f$\nO1PYtw-)}:dhr@

[58, 100, 125, 104, 41, 45, 119, 114, 116, 89, 80, 49, 79, 92, 110, 36, 64, 102, 60, 97, 105, 114, 116, 81, 97, 58, 97, 95, 85, 72, 88, 76]
[76, 88, 72, 85, 95, 97, 58, 97, 81, 116, 114, 105, 97, 60, 102, 36, 92, 110, 79, 49, 80, 89, 116, 119, 45, 41, 125, 58, 100, 104, 114, 64]
len: 31



~&-u&MFV8x"Ie\\w-[y
y-w\\eI"x[8FM&u-&~V

[126, 38, 45, 117, 38, 77, 70, 86, 56, 120, 34, 73, 101, 92, 92, 119, 45, 91, 121]
[121, 45, 119, 92, 92, 101, 73, 34, 120, 91, 56, 70, 77, 38, 117, 45, 38, 126, 86]
len: 17



~n<B1h0"-tjEk=`
`=kEjt-0h1<~nB"

[126, 110, 60, 66, 49, 104, 48, 34, 45, 116, 106, 69, 107, 61, 96]
[96, 61, 107, 69, 106, 116, 45, 48, 104, 49, 60, 126, 110, 66, 34]
len: 15



9:'M4u3\n\x0bX\x0b,*tK0d\x0b!(P_@8_H#`D> 
 >D`#H_8@_P(!\x0bdKt*,\x0bX\x0b3u4'9:M\n0

[57, 58, 39, 77, 52, 117, 51, 92, 110, 92, 120, 48, 98, 88, 92, 120, 48, 98, 44, 42, 116, 75, 48, 100, 92, 120, 48, 98, 33, 40, 80, 95, 64, 56, 95, 72, 35, 96, 68, 62, 32]
[32, 62, 68, 96, 35, 72, 95, 56, 64, 95, 80, 40, 33, 92, 120, 48, 98, 100, 75, 116, 42, 44, 92, 120, 48, 98, 88, 92, 120, 48, 98, 51, 117, 52, 39, 57, 58, 77, 92, 110, 48]
len: 37



ICi<.a Vh)X\n0k<W_O)\t-!
!\t-)_Wk0\n<OXh)Va.iCI< 

[73, 67, 105, 60, 46, 97, 32, 86, 104, 41, 88, 92, 110, 48, 107, 60, 87, 95, 79, 41, 92, 116, 45, 33]
[33, 92, 116, 45, 41, 95, 87, 107, 48, 92, 110, 60, 79, 88, 104, 41, 86, 97, 46, 105, 67, 73, 60, 32]
len: 22



T:4bNf(K3 b
b3 KfN4:Tb(

[84, 58, 52, 98, 78, 102, 40, 75, 51, 32, 98]
[98, 51, 32, 75, 102, 78, 52, 58, 84, 98, 40]
len: 11



.}nY;vOiAB{
{ABiv;n}.YO

[46, 125, 110, 89, 59, 118, 79, 105, 65, 66, 123]
[123, 65, 66, 105, 118, 59, 110, 125, 46, 89, 79]
len: 11



=DL%l\x0b~oHs\n+ptY)
)Ytp+\nsHo~\x0bl%LD=

[61, 68, 76, 37, 108, 92, 120, 48, 98, 126, 111, 72, 115, 92, 110, 43, 112, 116, 89, 41]
[41, 89, 116, 112, 43, 92, 110, 115, 72, 111, 126, 92, 120, 48, 98, 108, 37, 76, 68, 61]
len: 18



B{EJaM|YG=-QM^BO:P<
<:OBP^Q-=G|MaJE{BYM

[66, 123, 69, 74, 97, 77, 124, 89, 71, 61, 45, 81, 77, 94, 66, 79, 58, 80, 60]
[60, 58, 79, 66, 80, 94, 81, 45, 61, 71, 124, 77, 97, 74, 69, 123, 66, 89, 77]
len: 19



XEea<[_3\n 
 3_[\n<eEXa

[88, 69, 101, 97, 60, 91, 95, 51, 92, 110, 32]
[32, 51, 95, 91, 92, 110, 60, 101, 69, 88, 97]
len: 10



\x0b!,*HMeOT\\7JX
XJ7TeOM*H,\x0b!\\

[92, 120, 48, 98, 33, 44, 42, 72, 77, 101, 79, 84, 92, 92, 55, 74, 88]
[88, 74, 55, 84, 101, 79, 77, 42, 72, 44, 92, 120, 48, 98, 33, 92, 92]
len: 14



\x0bSv*\x0b]ti'0b4\tK=
=K\t4b0't]\x0bv\x0bS*i

[92, 120, 48, 98, 83, 118, 42, 92, 120, 48, 98, 93, 116, 105, 39, 48, 98, 52, 92, 116, 75, 61]
[61, 75, 92, 116, 52, 98, 48, 39, 116, 93, 92, 120, 48, 98, 118, 92, 120, 48, 98, 83, 42, 105]
len: 19



53;(\n"H-gG%bAH7R(=A74Y+02O
O20Y74A(=RH7+Ab%gH-"(\n;53G

[53, 51, 59, 40, 92, 110, 34, 72, 45, 103, 71, 37, 98, 65, 72, 55, 82, 40, 61, 65, 55, 52, 89, 43, 48, 50, 79]
[79, 50, 48, 89, 55, 52, 65, 40, 61, 82, 72, 55, 43, 65, 98, 37, 103, 72, 45, 34, 40, 92, 110, 59, 53, 51, 71]
len: 26



dM)4kh)FBJ$R4\n>Z
Z>\n4R$JBF)hk4)Md

[100, 77, 41, 52, 107, 104, 41, 70, 66, 74, 36, 82, 52, 92, 110, 62, 90]
[90, 62, 92, 110, 52, 82, 36, 74, 66, 70, 41, 104, 107, 52, 41, 77, 100]
len: 16



~^0mBLV\\8;(\nz/`D`o}([(|
|[((o}``D/\n(8;\\LB0^~mVz

[126, 94, 48, 109, 66, 76, 86, 92, 92, 56, 59, 40, 92, 110, 122, 47, 96, 68, 96, 111, 125, 40, 91, 40, 124]
[124, 91, 40, 40, 111, 125, 96, 96, 68, 47, 92, 110, 40, 56, 59, 92, 92, 76, 66, 48, 94, 126, 109, 86, 122]
len: 22



2b_9dNTtj\x0bV+f(\nyNmVf^>k&\x0c\x0c`\t<
<\t`\x0c\x0c&k^fVN\nym(f+\x0btjVTNd_2b9>

[50, 98, 95, 57, 100, 78, 84, 116, 106, 92, 120, 48, 98, 86, 43, 102, 40, 92, 110, 121, 78, 109, 86, 102, 94, 62, 107, 38, 92, 120, 48, 99, 92, 120, 48, 99, 96, 92, 116, 60]
[60, 92, 116, 96, 92, 120, 48, 99, 92, 120, 48, 99, 38, 107, 94, 102, 86, 78, 92, 110, 121, 109, 40, 102, 43, 92, 120, 48, 98, 116, 106, 86, 84, 78, 100, 95, 50, 98, 57, 62]
len: 35



\x0b vB9x_#5mOJR2PK+<1Eo[\x0ca.e?+9
9+?e.a\x0coE1+PK<2RJm#5O_x9v\x0b B[

[92, 120, 48, 98, 32, 118, 66, 57, 120, 95, 35, 53, 109, 79, 74, 82, 50, 80, 75, 43, 60, 49, 69, 111, 91, 92, 120, 48, 99, 97, 46, 101, 63, 43, 57]
[57, 43, 63, 101, 46, 97, 92, 120, 48, 99, 111, 69, 49, 43, 80, 75, 60, 50, 82, 74, 109, 35, 53, 79, 95, 120, 57, 118, 92, 120, 48, 98, 32, 66, 91]
len: 33



}fT6v{N-##42TS+ P&8VNb\n{D[
[D{bVN8P& S+\nT24#N-{6vT}f#

[125, 102, 84, 54, 118, 123, 78, 45, 35, 35, 52, 50, 84, 83, 43, 32, 80, 38, 56, 86, 78, 98, 92, 110, 123, 68, 91]
[91, 68, 123, 98, 86, 78, 56, 80, 38, 32, 83, 43, 92, 110, 84, 50, 52, 35, 78, 45, 123, 54, 118, 84, 125, 102, 35]
len: 26



~\nPrk\x0b\n&cN\nsGNmH)\\=y bTdo\t]T6
6T]\todT y=)mH\\NGsN&c\n\n\x0bkP~\nrb

[126, 92, 110, 80, 114, 107, 92, 120, 48, 98, 92, 110, 38, 99, 78, 92, 110, 115, 71, 78, 109, 72, 41, 92, 92, 61, 121, 32, 98, 84, 100, 111, 92, 116, 93, 84, 54]
[54, 84, 93, 92, 116, 111, 100, 84, 32, 121, 61, 41, 109, 72, 92, 92, 78, 71, 115, 78, 38, 99, 92, 110, 92, 110, 92, 120, 48, 98, 107, 80, 126, 92, 110, 114, 98]
len: 30



1Lj\n4\nh8}[JZENhj(]
]jhNEZJ[(}h\n4\njL18

[49, 76, 106, 92, 110, 52, 92, 110, 104, 56, 125, 91, 74, 90, 69, 78, 104, 106, 40, 93]
[93, 106, 104, 78, 69, 90, 74, 91, 40, 125, 104, 92, 110, 52, 92, 110, 106, 76, 49, 56]
len: 18



se-Z\n?c{vMFd >$F,F%
%,F$F>dFMvc?\nZ-es{ 

[115, 101, 45, 90, 92, 110, 63, 99, 123, 118, 77, 70, 100, 32, 62, 36, 70, 44, 70, 37]
[37, 44, 70, 36, 70, 62, 100, 70, 77, 118, 99, 63, 92, 110, 90, 45, 101, 115, 123, 32]
len: 19



o\x0b5J\nPx qP;2
2P;qx PJ\n5o\x0b

[111, 92, 120, 48, 98, 53, 74, 92, 110, 80, 120, 32, 113, 80, 59, 50]
[50, 80, 59, 113, 120, 32, 80, 74, 92, 110, 53, 111, 92, 120, 48, 98]
len: 14



!V2Wbx"7p q\nmJEn
nEJm\nq p7"xbW2V!

[33, 86, 50, 87, 98, 120, 34, 55, 112, 32, 113, 92, 110, 109, 74, 69, 110]
[110, 69, 74, 109, 92, 110, 113, 32, 112, 55, 34, 120, 98, 87, 50, 86, 33]
len: 16



!0Y1.A_\x0c\nt;
;\nt\x0cA.Y0!1_

[33, 48, 89, 49, 46, 65, 95, 92, 120, 48, 99, 92, 110, 116, 59]
[59, 92, 110, 116, 92, 120, 48, 99, 65, 46, 89, 48, 33, 49, 95]
len: 13



kC1Vsr@[a1NtPQFgnK-IX TbD9~
~9DTX bI-KgQFPtNa@[rVs1kC1n

[107, 67, 49, 86, 115, 114, 64, 91, 97, 49, 78, 116, 80, 81, 70, 103, 110, 75, 45, 73, 88, 32, 84, 98, 68, 57, 126]
[126, 57, 68, 84, 88, 32, 98, 73, 45, 75, 103, 81, 70, 80, 116, 78, 97, 64, 91, 114, 86, 115, 49, 107, 67, 49, 110]
len: 27



Vy3~&(MrAG"=3,qIFG]\t"H(R*{U_C
C_U{*R("\t]FqIG,3=GrA"M(&3Vy~H

[86, 121, 51, 126, 38, 40, 77, 114, 65, 71, 34, 61, 51, 44, 113, 73, 70, 71, 93, 92, 116, 34, 72, 40, 82, 42, 123, 85, 95, 67]
[67, 95, 85, 123, 42, 82, 40, 34, 92, 116, 93, 70, 113, 73, 71, 44, 51, 61, 71, 114, 65, 34, 77, 40, 38, 51, 86, 121, 126, 72]
len: 29



[`C{jWzxIU|?Te|bD2w
wDb|2e?|UIzWj{C`[xT

[91, 96, 67, 123, 106, 87, 122, 120, 73, 85, 124, 63, 84, 101, 124, 98, 68, 50, 119]
[119, 68, 98, 124, 50, 101, 63, 124, 85, 73, 122, 87, 106, 123, 67, 96, 91, 120, 84]
len: 19



;\x0cREaYYCgKJKv[crSBO\\fSJ#
#SJfO\\BrScv[KKJgYCYEaR;\x0c

[59, 92, 120, 48, 99, 82, 69, 97, 89, 89, 67, 103, 75, 74, 75, 118, 91, 99, 114, 83, 66, 79, 92, 92, 102, 83, 74, 35]
[35, 83, 74, 102, 79, 92, 92, 66, 114, 83, 99, 118, 91, 75, 75, 74, 103, 89, 67, 89, 69, 97, 82, 59, 92, 120, 48, 99]
len: 25



`9Zf=|G]2w"/\x0cwMb7w\'Pv]$Wb-8\\S
S\\8-bW$vP\'7Mbww\x0c/w]2"G|=Z`9f]

[96, 57, 90, 102, 61, 124, 71, 93, 50, 119, 34, 47, 92, 120, 48, 99, 119, 77, 98, 55, 119, 92, 39, 80, 118, 93, 36, 87, 98, 45, 56, 92, 92, 83]
[83, 92, 92, 56, 45, 98, 87, 36, 118, 80, 92, 39, 55, 77, 98, 119, 119, 92, 120, 48, 99, 47, 119, 93, 50, 34, 71, 124, 61, 90, 96, 57, 102, 93]
len: 30



TDaSc_W*MzDB87%"E\n<kh\n{H&?V"\t
\t"V?&H{hk<E%"\n78Bz*MDW_caTDS\n

[84, 68, 97, 83, 99, 95, 87, 42, 77, 122, 68, 66, 56, 55, 37, 34, 69, 92, 110, 60, 107, 104, 92, 110, 123, 72, 38, 63, 86, 34, 92, 116]
[92, 116, 34, 86, 63, 38, 72, 123, 104, 107, 60, 69, 37, 34, 92, 110, 55, 56, 66, 122, 42, 77, 68, 87, 95, 99, 97, 84, 68, 83, 92, 110]
len: 29



|c'S_206-u;MzY@RX]32
2]XR3@zM;Yu602-_'c|S

[124, 99, 39, 83, 95, 50, 48, 54, 45, 117, 59, 77, 122, 89, 64, 82, 88, 93, 51, 50]
[50, 93, 88, 82, 51, 64, 122, 77, 59, 89, 117, 54, 48, 50, 45, 95, 39, 99, 124, 83]
len: 20



r}YfsPN@EIT!2RZ"\\ZXB\nO$5lVFumJ/
/JmuFVl5$O\nBXZ\\ZR2!TIENPsYr}f@"

[114, 125, 89, 102, 115, 80, 78, 64, 69, 73, 84, 33, 50, 82, 90, 34, 92, 92, 90, 88, 66, 92, 110, 79, 36, 53, 108, 86, 70, 117, 109, 74, 47]
[47, 74, 109, 117, 70, 86, 108, 53, 36, 79, 92, 110, 66, 88, 90, 92, 92, 90, 82, 50, 33, 84, 73, 69, 78, 80, 115, 89, 114, 125, 102, 64, 34]
len: 30



<.&}P]fnTk^xR
Rx^Tfn]}P&<.k

[60, 46, 38, 125, 80, 93, 102, 110, 84, 107, 94, 120, 82]
[82, 120, 94, 84, 102, 110, 93, 125, 80, 38, 60, 46, 107]
len: 13



!&[z9(W~\x0cfAlSIGTE80}8U
U}80ETISlG8A\x0cf~(9[&!zW

[33, 38, 91, 122, 57, 40, 87, 126, 92, 120, 48, 99, 102, 65, 108, 83, 73, 71, 84, 69, 56, 48, 125, 56, 85]
[85, 125, 56, 48, 69, 84, 73, 83, 108, 71, 56, 65, 92, 120, 48, 99, 102, 126, 40, 57, 91, 38, 33, 122, 87]
len: 24



*\x0b`0LaZ^!nvL/F
F/Ln^!vZaL`*\x0b0

[42, 92, 120, 48, 98, 96, 48, 76, 97, 90, 94, 33, 110, 118, 76, 47, 70]
[70, 47, 76, 110, 94, 33, 118, 90, 97, 76, 96, 42, 92, 120, 48, 98, 48]
len: 16



8\x0biA9.fz*E;*zV)9O'rKOw{/W~iEmv
vmEi~W/wOK'9Or{)Vz*;E*f.9i8\x0bAz

[56, 92, 120, 48, 98, 105, 65, 57, 46, 102, 122, 42, 69, 59, 42, 122, 86, 41, 57, 79, 39, 114, 75, 79, 119, 123, 47, 87, 126, 105, 69, 109, 118]
[118, 109, 69, 105, 126, 87, 47, 119, 79, 75, 39, 57, 79, 114, 123, 41, 86, 122, 42, 59, 69, 42, 102, 46, 57, 105, 56, 92, 120, 48, 98, 65, 122]
len: 32



(5'HiJ9Ch?'zG*q
q*Gz'?h9Ji'(5HC

[40, 53, 39, 72, 105, 74, 57, 67, 104, 63, 39, 122, 71, 42, 113]
[113, 42, 71, 122, 39, 63, 104, 57, 74, 105, 39, 40, 53, 72, 67]
len: 15



y1z\x0cwaqhoo+'s}X&-y-n
ny-&-Xs'+}ohqaowz1y\x0c

[121, 49, 122, 92, 120, 48, 99, 119, 97, 113, 104, 111, 111, 43, 39, 115, 125, 88, 38, 45, 121, 45, 110]
[110, 121, 45, 38, 45, 88, 115, 39, 43, 125, 111, 104, 113, 97, 111, 119, 122, 49, 121, 92, 120, 48, 99]
len: 22



}{AQKXu^#'8h
h'8#u^XQKA}{

[125, 123, 65, 81, 75, 88, 117, 94, 35, 39, 56, 104]
[104, 39, 56, 35, 117, 94, 88, 81, 75, 65, 125, 123]
len: 12



\x0c6b`[Ws/]lMM.T6"\x0cLUy\\
\\UyL"6.MMTl/sW][b6\x0c`\x0c

[92, 120, 48, 99, 54, 98, 96, 91, 87, 115, 47, 93, 108, 77, 77, 46, 84, 54, 34, 92, 120, 48, 99, 76, 85, 121, 92, 92]
[92, 92, 85, 121, 76, 34, 54, 46, 77, 77, 84, 108, 47, 115, 87, 93, 91, 98, 54, 92, 120, 48, 99, 96, 92, 120, 48, 99]
len: 24



(v\t~_u9tA[p\nLQh~oLVrvh\\$?L
L?$hrvVoL~Qh\\L\npA9tu~_\t(v[

[40, 118, 92, 116, 126, 95, 117, 57, 116, 65, 91, 112, 92, 110, 76, 81, 104, 126, 111, 76, 86, 114, 118, 104, 92, 92, 36, 63, 76]
[76, 63, 36, 104, 114, 118, 86, 111, 76, 126, 81, 104, 92, 92, 76, 92, 110, 112, 65, 57, 116, 117, 126, 95, 92, 116, 40, 118, 91]
len: 25



M|$dyI)/Owv*jdi
idj*vwO)Iy$M|d/

[77, 124, 36, 100, 121, 73, 41, 47, 79, 119, 118, 42, 106, 100, 105]
[105, 100, 106, 42, 118, 119, 79, 41, 73, 121, 36, 77, 124, 100, 47]
len: 15



\x0c\x0c`oYx#mvyg6qW]ytP]%}@MI)8jaN
Naj8)IM}%]t]yPWq6ymvg#xY`\x0c\x0co@

[92, 120, 48, 99, 92, 120, 48, 99, 96, 111, 89, 120, 35, 109, 118, 121, 103, 54, 113, 87, 93, 121, 116, 80, 93, 37, 125, 64, 77, 73, 41, 56, 106, 97, 78]
[78, 97, 106, 56, 41, 73, 77, 125, 37, 93, 116, 93, 121, 80, 87, 113, 54, 121, 109, 118, 103, 35, 120, 89, 96, 92, 120, 48, 99, 92, 120, 48, 99, 111, 64]
len: 33



"\n\x0b/-2L7zCH"VM5
5MV"HCzL2-\x0b"\n/7

[34, 92, 110, 92, 120, 48, 98, 47, 45, 50, 76, 55, 122, 67, 72, 34, 86, 77, 53]
[53, 77, 86, 34, 72, 67, 122, 76, 50, 45, 92, 120, 48, 98, 34, 92, 110, 47, 55]
len: 17



'qmfi=<fhT
Tf<=himq'f

[39, 113, 109, 102, 105, 61, 60, 102, 104, 84]
[84, 102, 60, 61, 104, 105, 109, 113, 39, 102]
len: 10



LS&\nZ*G|`>?U&*$T\nB&W,
,&WBT$&U?*>|G*`Z&SL\n\n

[76, 83, 38, 92, 110, 90, 42, 71, 124, 96, 62, 63, 85, 38, 42, 36, 84, 92, 110, 66, 38, 87, 44]
[44, 38, 87, 66, 84, 36, 38, 85, 63, 42, 62, 124, 71, 42, 96, 90, 38, 83, 76, 92, 110, 92, 110]
len: 21



m;PA\nE~!4*\t5kXck
kcXk5\t*4!~E\nAP;m

[109, 59, 80, 65, 92, 110, 69, 126, 33, 52, 42, 92, 116, 53, 107, 88, 99, 107]
[107, 99, 88, 107, 53, 92, 116, 42, 52, 33, 126, 69, 92, 110, 65, 80, 59, 109]
len: 16



05D[;sM?!H?'=2I38
8I2='?H!?Ms;[D503

[48, 53, 68, 91, 59, 115, 77, 63, 33, 72, 63, 39, 61, 50, 73, 51, 56]
[56, 73, 50, 61, 39, 63, 72, 33, 63, 77, 115, 59, 91, 68, 53, 48, 51]
len: 17



9z8;\\"?"BDbh\t}Tn$>\n
\n$nT>}hbDB?"\\;8z9"\t

[57, 122, 56, 59, 92, 92, 34, 63, 34, 66, 68, 98, 104, 92, 116, 125, 84, 110, 36, 62, 92, 110]
[92, 110, 36, 110, 84, 62, 125, 104, 98, 68, 66, 63, 34, 92, 92, 59, 56, 122, 57, 34, 92, 116]
len: 18



AwDqH(:aw=7(Am?'t;Hsm|U~Hbv'
'vb~|UHmsHt?';mA(=aw7:(HDAwq

[65, 119, 68, 113, 72, 40, 58, 97, 119, 61, 55, 40, 65, 109, 63, 39, 116, 59, 72, 115, 109, 124, 85, 126, 72, 98, 118, 39]
[39, 118, 98, 126, 124, 85, 72, 109, 115, 72, 116, 63, 39, 59, 109, 65, 40, 61, 97, 119, 55, 58, 40, 72, 68, 65, 119, 113]
len: 28



K#sDrn+f59G'\n^\t0T\t_:$
$_:\t0\t\n'G^9f+n5rs#KDT

[75, 35, 115, 68, 114, 110, 43, 102, 53, 57, 71, 39, 92, 110, 94, 92, 116, 48, 84, 92, 116, 95, 58, 36]
[36, 95, 58, 92, 116, 48, 92, 116, 92, 110, 39, 71, 94, 57, 102, 43, 110, 53, 114, 115, 35, 75, 68, 84]
len: 21



94*L.\x0b\t&E@0Tr9
9rT@&E0\t\x0b.*94L

[57, 52, 42, 76, 46, 92, 120, 48, 98, 92, 116, 38, 69, 64, 48, 84, 114, 57]
[57, 114, 84, 64, 38, 69, 48, 92, 116, 92, 120, 48, 98, 46, 42, 57, 52, 76]
len: 16



!K.]_a=)t?qTIs\x0b!iB%]$xn\x0b5A
A5\x0bx]$%iB!s\x0bnITqt=)a]_.!K?

[33, 75, 46, 93, 95, 97, 61, 41, 116, 63, 113, 84, 73, 115, 92, 120, 48, 98, 33, 105, 66, 37, 93, 36, 120, 110, 92, 120, 48, 98, 53, 65]
[65, 53, 92, 120, 48, 98, 120, 93, 36, 37, 105, 66, 33, 115, 92, 120, 48, 98, 110, 73, 84, 113, 116, 61, 41, 97, 93, 95, 46, 33, 75, 63]
len: 30



>~h \tP;~y=7h3nW/A=XB:O
OB:XA/n3hW=7y=~P\th~> ;

[62, 126, 104, 32, 92, 116, 80, 59, 126, 121, 61, 55, 104, 51, 110, 87, 47, 65, 61, 88, 66, 58, 79]
[79, 66, 58, 88, 65, 47, 110, 51, 104, 87, 61, 55, 121, 61, 126, 80, 92, 116, 104, 126, 62, 32, 59]
len: 22



^y,tO0UO2xl'x#Mi.p=6}#(+g,1\x0bw' 
 'w\x0b1,g+(#}6=p.M#x'lx2U0O,^ytOi

[94, 121, 44, 116, 79, 48, 85, 79, 50, 120, 108, 39, 120, 35, 77, 105, 46, 112, 61, 54, 125, 35, 40, 43, 103, 44, 49, 92, 120, 48, 98, 119, 39, 32]
[32, 39, 119, 92, 120, 48, 98, 49, 44, 103, 43, 40, 35, 125, 54, 61, 112, 46, 77, 35, 120, 39, 108, 120, 50, 85, 48, 79, 44, 94, 121, 116, 79, 105]
len: 33



]tE\x0b]h-@k-%LU%Q
Q%UL%-k-h]E]t\x0b@

[93, 116, 69, 92, 120, 48, 98, 93, 104, 45, 64, 107, 45, 37, 76, 85, 37, 81]
[81, 37, 85, 76, 37, 45, 107, 45, 104, 93, 69, 93, 116, 92, 120, 48, 98, 64]
len: 17



sm'Le)jYA$wqG91C{y>wAIqVh>e1v?
?v1e>hVIAwyC{>q19Gqw$Aj)e'smLY

[115, 109, 39, 76, 101, 41, 106, 89, 65, 36, 119, 113, 71, 57, 49, 67, 123, 121, 62, 119, 65, 73, 113, 86, 104, 62, 101, 49, 118, 63]
[63, 118, 49, 101, 62, 104, 86, 73, 65, 119, 121, 67, 123, 62, 113, 49, 57, 71, 113, 119, 36, 65, 106, 41, 101, 39, 115, 109, 76, 89]
len: 30



}#IX!4v7@b!2_>vM42hzEtN
NEtz2h4vM>2!@b74!I#}Xv_

[125, 35, 73, 88, 33, 52, 118, 55, 64, 98, 33, 50, 95, 62, 118, 77, 52, 50, 104, 122, 69, 116, 78]
[78, 69, 116, 122, 50, 104, 52, 118, 77, 62, 50, 33, 64, 98, 55, 52, 33, 73, 35, 125, 88, 118, 95]
len: 23



`3n,\nt&}Dr1z.4F
F4.z1rD&t\nn`3,}

[96, 51, 110, 44, 92, 110, 116, 38, 125, 68, 114, 49, 122, 46, 52, 70]
[70, 52, 46, 122, 49, 114, 68, 38, 116, 92, 110, 110, 96, 51, 44, 125]
len: 15



5j=f]V& ]0j$
$0j]& Vf]=5j

[53, 106, 61, 102, 93, 86, 38, 32, 93, 48, 106, 36]
[36, 48, 106, 93, 38, 32, 86, 102, 93, 61, 53, 106]
len: 12



ACp{vRNK\nBV
V\nBKRvpCA{N

[65, 67, 112, 123, 118, 82, 78, 75, 92, 110, 66, 86]
[86, 92, 110, 66, 75, 82, 118, 112, 67, 65, 123, 78]
len: 11



