len  |  offset
10   |  1
11   |  2
12   |  1
15   |  3
16   |  0
18   |  1
21   |  2
27   |  3
28   |  2
31   |  4


"J$-ub9_]+-"
"-]_9+b-$Ju"

[74 , 36 , 45 , 117 , 98 , 57 , 95 , 93 , 43 , 45]
[45 , 93 , 95 , 57  , 43 , 98 , 45 , 36 , 74 , 117]
len 10. off 1


".}nY;vOiAB{"
"{ABiv;n}.YO"

[46  , 125 , 110 , 89  , 59  , 118 , 79  , 105 , 65 , 66 , 123]
[123 , 65  , 66  , 105 , 118 , 59  , 110 , 125 , 46 , 89 , 79]
len 11. off 2


"J\x0b2rV6LSU`og"
"g`oULS6rV2J\x0b"

[74  , 11 , 50  , 114 , 86 , 54 , 76 , 83  , 85 , 96 , 111 , 103]
[103 , 96 , 111 , 85  , 76 , 83 , 54 , 114 , 86 , 50 , 74  , 11]
len 12. off 1


"]tE\x0b]h-@k-%LU%Q"
"Q%UL%-k-h]E]t\x0b@"

[93 , 116 , 69 , 11 , 93 , 104 , 45  , 64 , 107 , 45 , 37 , 76 , 85  , 37 , 81]
[81 , 37  , 85 , 76 , 37 , 45  , 107 , 45 , 104 , 93 , 69 , 93 , 116 , 11 , 64]
len 15. off 3


"=DL%l\x0b~oHs\n+ptY)"
")Ytp+\nsHo~\x0bl%LD="

[61 , 68 , 76  , 37  , 108 , 11 , 126 , 111 , 72  , 115 , 10 , 43  , 112 , 116 , 89 , 41]
[41 , 89 , 116 , 112 , 43  , 10 , 115 , 72  , 111 , 126 , 11 , 108 , 37  , 76  , 68 , 61]
len 16. off 0


"b$+zZT[TOw7~KSy|h\t"
"\t|ySK~7whO[TZz+$bT"

[98 , 36  , 43  , 122 , 90 , 84  , 91 , 84  , 79  , 119 , 55 , 126 , 75 , 83  , 121 , 124 , 104 , 9]
[9  , 124 , 121 , 83  , 75 , 126 , 55 , 119 , 104 , 79  , 91 , 84  , 90 , 122 , 43  , 36  , 98  , 84]
len 18. off 1


"\x0b2f?9e3RTy,phE`\x0bI%`Os"
"s`O%\x0b`hp,EyR3eT9f2\x0b?I"

[11  , 50 , 102 , 63 , 57 , 101 , 51  , 82  , 84 , 121 , 44  , 112 , 104 , 69  , 96 , 11 , 73  , 37 , 96 , 79 , 115]
[115 , 96 , 79  , 37 , 11 , 96  , 104 , 112 , 44 , 69  , 121 , 82  , 51  , 101 , 84 , 57 , 102 , 50 , 11 , 63 , 73]
len 21. off 2

":O,tnJ9X )w\nF\\-~a@^\x0cSw"
"w\x0cS^a~\\F\n-@w )XJn,O:t9"

[58  , 79 , 44 , 116 , 110 , 74  , 57 , 88 , 32 , 41 , 119 , 10  , 70 , 92 , 45 , 126 , 97  , 64 , 94 , 12 , 83  , 119]
[119 , 12 , 83 , 94  , 97  , 126 , 92 , 70 , 10 , 45 , 64  , 119 , 32 , 41 , 88 , 74  , 110 , 44 , 79 , 58 , 116 , 57]


"_uy9`w67%F_p{O\x0c!K|\x0bp#TGW*\\*"
"*\\*G#TWp\x0b|!O\x0c{p_%67w9`y_uFK"

[95 , 117 , 121 , 57 , 96 , 119 , 54 , 55  , 37 , 70  , 95 , 112 , 123 , 79  , 12  , 33 , 75 , 124 , 11 , 112 , 35 , 84 , 71  , 87 , 42  , 92 , 42]
[42 , 92  , 42  , 71 , 35 , 84  , 87 , 112 , 11 , 124 , 33 , 79  , 12  , 123 , 112 , 95 , 37 , 54  , 55 , 119 , 57 , 96 , 121 , 95 , 117 , 70 , 75]
len 27. off 3


")J;.#n;+c\"A }|&vRZxuhZ@S\']YM"
"MY]SZ@\'huxR&vZ|} \"+cA;n#;)J."

[41 , 74 , 59 , 46 , 35 , 110 , 59 , 43  , 99  , 34  , 65 , 32 , 125 , 124 , 38  , 118 , 82 , 90 , 120 , 117 , 104 , 90 , 64  , 83 , 39 , 93 , 89 , 77]
[77 , 89 , 93 , 83 , 90 , 64  , 39 , 104 , 117 , 120 , 82 , 38 , 118 , 90  , 124 , 125 , 32 , 34 , 43  , 99  , 65  , 59 , 110 , 35 , 59 , 41 , 74 , 46]
len 28. off 2


"^y,tO0UO2xl'x#Mi.p=6}#(+g,1\x0bw' "
" 'w\x0b1,g+(#}6=p.M#x'lx2U0O,^ytOi"

[94 , 121 , 44  , 116 , 79 , 48 , 85  , 79 , 50 , 120 , 108 , 39 , 120 , 35  , 77 , 105 , 46 , 112 , 61 , 54  , 125 , 35 , 40 , 43 , 103 , 44 , 49 , 11  , 119 , 39 , 32]
[32 , 39  , 119 , 11  , 49 , 44 , 103 , 43 , 40 , 35  , 125 , 54 , 61  , 112 , 46 , 77  , 35 , 120 , 39 , 108 , 120 , 50 , 85 , 48 , 79  , 44 , 94 , 121 , 116 , 79 , 105]
len 31. off 4

5
7
15


"}~/X?)UW\":uI=[c\\\n.)<3X7/L0RoNd"
"dNoR0L/7X3<).\n\\[=Iu:\"W)?X~v}/Uc"

[118 , 125 , 126 , 47 , 88 , 63 , 41 , 85 , 87 , 34 , 58 , 117 , 73 , 61 , 91 , 99 , 92 , 10 , 46  , 41 , 60 , 51 , 88 , 55 , 47 , 76  , 48  , 82  , 111 , 78 , 100]
[100 , 78  , 111 , 82 , 48 , 76 , 47 , 55 , 88 , 51 , 60 , 41  , 46 , 10 , 92 , 91 , 61 , 73 , 117 , 58 , 34 , 87 , 41 , 63 , 88 , 126 , 118 , 125 , 47  , 85 , 99]
len 31. off 4

